[
  {
    "fragment_a": "NAR_ST_43B_FR_07_F_01_R_01",
    "fragment_b": "NAR_ST_43B_FR_15_F_01_R_01",
    "transform": [
      [
        0.5885822648352982,
        0.16228978719853057,
        -0.7919803927449258,
        -9.31207736917018
      ],
      [
        -0.33331625018637684,
        0.9412186906191934,
        -0.05484208047461927,
        -15.016231450108995
      ],
      [
        0.7365264386857029,
        0.29625901066490345,
        0.6080784519425172,
        3.487185907458054
      ],
      [
        0.0,
        0.0,
        0.0,
        1.0
      ]
    ],
    "ransac_fitness": 0.2876404494382023,
    "icp_fitness": 0.3103186646433991,
    "icp_rmse": 1.4524475003206194,
    "overlap_score": 0.1600781417220199,
    "collision_fraction": 0.24506828528072838,
    "is_near_duplicate": false
  },
  {
    "fragment_a": "NAR_ST_43B_FR_12_F_01_R_01",
    "fragment_b": "NAR_ST_43B_FR_17_F_01_R_01",
    "transform": [
      [
        0.1852853249190708,
        -0.9816852339500491,
        0.044310831791693275,
        19.771082666215506
      ],
      [
        0.39080316456791964,
        0.1149834878435003,
        0.9132643013317905,
        -7.044557684674181
      ],
      [
        -0.901633093299782,
        -0.15189765952041775,
        0.4049504489426883,
        -31.564540689491622
      ],
      [
        0.0,
        0.0,
        0.0,
        1.0
      ]
    ],
    "ransac_fitness": 0.29622166246851384,
    "icp_fitness": 0.3131983240223464,
    "icp_rmse": 1.5083250070599619,
    "overlap_score": 0.1557300359249551,
    "collision_fraction": 0.25,
    "is_near_duplicate": false
  },
  {
    "fragment_a": "NAR_ST_43B_FR_13_F_01_R_01",
    "fragment_b": "NAR_ST_43B_FR_17_F_01_R_01",
    "transform": [
      [
        -0.7155493241439825,
        -0.5704713821200607,
        0.4031768432079366,
        10.503694073897812
      ],
      [
        0.4691217729467427,
        0.03522671645676817,
        0.8824306435040541,
        -1.9395924508021896
      ],
      [
        -0.5176040251624733,
        0.8205616860600439,
        0.24241409304308906,
        -25.37843916561262
      ],
      [
        0.0,
        0.0,
        0.0,
        1.0
      ]
    ],
    "ransac_fitness": 0.5983981693363845,
    "icp_fitness": 0.5983981693363845,
    "icp_rmse": 2.2517292131918687,
    "overlap_score": 0.1492546229979606,
    "collision_fraction": 0.3103186646433991,
    "is_near_duplicate": false
  },
  {
    "fragment_a": "NAR_ST_43B_FR_07_F_01_R_01",
    "fragment_b": "NAR_ST_43B_FR_17_F_01_R_01",
    "transform": [
      [
        -0.30089444156417433,
        -0.339687176885176,
        0.8911089478260024,
        14.303075730886661
      ],
      [
        0.6471848607837393,
        0.6135694058760834,
        0.4524205346192899,
        -3.353726388654129
      ],
      [
        -0.7004386418581701,
        0.712843044458351,
        0.03522077454050776,
        -26.24373861005364
      ],
      [
        0.0,
        0.0,
        0.0,
        1.0
      ]
    ],
    "ransac_fitness": 0.6134831460674157,
    "icp_fitness": 0.6134831460674157,
    "icp_rmse": 2.3434343903680976,
    "overlap_score": 0.1342639785988834,
    "collision_fraction": 0.29969650986342944,
    "is_near_duplicate": false
  },
  {
    "fragment_a": "NAR_ST_43B_FR_16_F_01_R_01",
    "fragment_b": "NAR_ST_43B_FR_17_F_01_R_01",
    "transform": [
      [
        -0.34247254851704967,
        0.9387969310415211,
        -0.03705233837775794,
        -12.009210081804925
      ],
      [
        0.5784859992351278,
        0.17962799518243103,
        -0.7956681041965162,
        -16.50174407019261
      ],
      [
        -0.7403151370876957,
        -0.2939287424083657,
        -0.6045985380275606,
        -37.42187945194169
      ],
      [
        0.0,
        0.0,
        0.0,
        1.0
      ]
    ],
    "ransac_fitness": 0.22230652503793627,
    "icp_fitness": 0.2453667449752023,
    "icp_rmse": 1.4915014052965168,
    "overlap_score": 0.12337846332735354,
    "collision_fraction": 0.20490733489950405,
    "is_near_duplicate": false
  },
  {
    "fragment_a": "NAR_ST_43B_FR_12_F_01_R_01",
    "fragment_b": "NAR_ST_43B_FR_14_F_01_R_01",
    "transform": [
      [
        0.25724948772805983,
        0.7925536516778076,
        0.552884626550445,
        -13.414107540002178
      ],
      [
        -0.9127226039115794,
        0.011339228733209028,
        0.408422416378685,
        -5.8047572271959815
      ],
      [
        0.31742739228447037,
        -0.6096967533978759,
        0.7262986434818478,
        15.033019940913825
      ],
      [
        0.0,
        0.0,
        0.0,
        1.0
      ]
    ],
    "ransac_fitness": 0.35062972292191436,
    "icp_fitness": 0.35062972292191436,
    "icp_rmse": 2.1437424774842424,
    "overlap_score": 0.10007644595650164,
    "collision_fraction": 0.2032122905027933,
    "is_near_duplicate": false
  },
  {
    "fragment_a": "NAR_ST_43B_FR_04_F_01_R_01",
    "fragment_b": "NAR_ST_43B_FR_06_F_01_R_01",
    "transform": [
      [
        -0.6432012760558254,
        0.6990127286583463,
        -0.3125273166521154,
        -60.74875402958921
      ],
      [
        -0.7176880661945665,
        -0.4081152245360081,
        0.5642391364872056,
        -6.528739207981121
      ],
      [
        0.2668631824026369,
        0.5872164581102416,
        0.7641733266755655,
        2.8430661288597094
      ],
      [
        0.0,
        0.0,
        0.0,
        1.0
      ]
    ],
    "ransac_fitness": 0.17108753315649866,
    "icp_fitness": 0.27062,
    "icp_rmse": 1.9067850265553916,
    "overlap_score": 0.09861527870452665,
    "collision_fraction": 0.16882,
    "is_near_duplicate": false
  },
  {
    "fragment_a": "NAR_ST_43B_FR_14_F_01_R_01",
    "fragment_b": "NAR_ST_43B_FR_15_F_01_R_01",
    "transform": [
      [
        -0.884303016860722,
        0.4667359017557228,
        -0.012875262455461892,
        -13.060727178998597
      ],
      [
        0.11044204277923247,
        0.23588309125332135,
        0.9654852264263432,
        -1.526387531377864
      ],
      [
        0.45366367449662,
        0.8523595281763733,
        -0.2601393956500539,
        -8.534701635953336
      ],
      [
        0.0,
        0.0,
        0.0,
        1.0
      ]
    ],
    "ransac_fitness": 0.28865979381443296,
    "icp_fitness": 0.28865979381443296,
    "icp_rmse": 2.1821026296141115,
    "overlap_score": 0.07869802876565249,
    "collision_fraction": 0.17313664596273293,
    "is_near_duplicate": false
  },
  {
    "fragment_a": "NAR_ST_43B_FR_12_F_01_R_01",
    "fragment_b": "NAR_ST_43B_FR_13_F_01_R_01",
    "transform": [
      [
        0.7729047249723289,
        0.33265356520603045,
        0.5403331302735054,
        6.878838138330007
      ],
      [
        -0.6314901066352406,
        0.32011784372732277,
        0.7062186710567636,
        -8.592568586004276
      ],
      [
        0.06195588218450837,
        -0.8870547737784208,
        0.4574880293293503,
        5.170021480434489
      ],
      [
        0.0,
        0.0,
        0.0,
        1.0
      ]
    ],
    "ransac_fitness": 0.2972292191435768,
    "icp_fitness": 0.2972292191435768,
    "icp_rmse": 2.267239139357635,
    "overlap_score": 0.07259931280923512,
    "collision_fraction": 0.15921787709497207,
    "is_near_duplicate": false
  },
  {
    "fragment_a": "NAR_ST_43B_FR_13_F_01_R_01",
    "fragment_b": "NAR_ST_43B_FR_15_F_01_R_01",
    "transform": [
      [
        0.9995355733737354,
        -0.0035946528244236164,
        -0.03026080024570453,
        -18.911814573723717
      ],
      [
        -0.01475057597257029,
        0.8118624907807788,
        -0.5836623309514738,
        -9.902197631009944
      ],
      [
        0.026665672106961302,
        0.5838376268572469,
        0.8114324170236131,
        -1.586377522319383
      ],
      [
        0.0,
        0.0,
        0.0,
        1.0
      ]
    ],
    "ransac_fitness": 0.2745995423340961,
    "icp_fitness": 0.2745995423340961,
    "icp_rmse": 2.293586871969764,
    "overlap_score": 0.06466024055196669,
    "collision_fraction": 0.1449165402124431,
    "is_near_duplicate": false
  },
  {
    "fragment_a": "NAR_ST_43B_FR_04_F_01_R_01",
    "fragment_b": "NAR_ST_43B_FR_10_F_01_R_01",
    "transform": [
      [
        0.9930166161291342,
        -0.02022981780310307,
        -0.1162271679216911,
        398.63421053951964
      ],
      [
        0.058940266067333616,
        0.9384960972862726,
        0.34022216332030303,
        44.439850605873886
      ],
      [
        0.10219611111659604,
        -0.34469672155401804,
        0.9331345696214219,
        -9.75422052253031
      ],
      [
        0.0,
        0.0,
        0.0,
        1.0
      ]
    ],
    "ransac_fitness": 0.18101438791093963,
    "icp_fitness": 0.18101438791093963,
    "icp_rmse": 2.175067783969717,
    "overlap_score": 0.04977486671757889,
    "collision_fraction": 0.10498,
    "is_near_duplicate": false
  }
]