[
  {
    "fragment_a": "NAR_ST_43B_FR_07_F_01_R_01",
    "fragment_b": "NAR_ST_43B_FR_13_F_01_R_01",
    "transform": [
      [
        0.9999999992449456,
        3.859475324699572e-06,
        -3.866800431356628e-05,
        0.030682784257792563
      ],
      [
        -3.7931041102138517e-06,
        0.9999985271649754,
        0.001716290620094515,
        0.01418933418883091
      ],
      [
        3.867457134310907e-05,
        -0.001716290472127055,
        0.999998526424561,
        0.007703645814812212
      ],
      [
        0.0,
        0.0,
        0.0,
        1.0
      ]
    ],
    "ransac_fitness": 1.0,
    "icp_fitness": 1.0,
    "icp_rmse": 0.6969203416508553,
    "overlap_score": 0.7676932194497149
  },
  {
    "fragment_a": "NAR_ST_43B_FR_15_F_01_R_01",
    "fragment_b": "NAR_ST_43B_FR_16_F_01_R_01",
    "transform": [
      [
        -0.8803119570240981,
        0.27211321707978414,
        -0.3885939466987262,
        20.65751320792414
      ],
      [
        -0.46420744896556293,
        -0.3252549388945738,
        0.823845051602285,
        -24.00656121578618
      ],
      [
        0.09778702697846332,
        0.9056288543411015,
        0.4126427941204546,
        -3.098012503080207
      ],
      [
        0.0,
        0.0,
        0.0,
        1.0
      ]
    ],
    "ransac_fitness": 0.8831908831908832,
    "icp_fitness": 0.9091076131561218,
    "icp_rmse": 1.3709760886729168,
    "overlap_score": 0.49365267993360484
  },
  {
    "fragment_a": "NAR_ST_43B_FR_12_F_01_R_01",
    "fragment_b": "NAR_ST_43B_FR_16_F_01_R_01",
    "transform": [
      [
        0.9750466086527714,
        -0.12509907302136056,
        0.18339665450581114,
        2.0910214998950063
      ],
      [
        0.15334417074646609,
        0.9768883823382911,
        -0.14891156352195503,
        -14.239114492558395
      ],
      [
        -0.16052936258767864,
        0.1733185229041334,
        0.9716949178448567,
        -14.723868723737365
      ],
      [
        0.0,
        0.0,
        0.0,
        1.0
      ]
    ],
    "ransac_fitness": 0.7555110220440882,
    "icp_fitness": 0.7831703910614525,
    "icp_rmse": 1.5097132110054854,
    "overlap_score": 0.38904949577685005
  },
  {
    "fragment_a": "NAR_ST_43B_FR_07_F_01_R_01",
    "fragment_b": "NAR_ST_43B_FR_11_F_01_R_01",
    "transform": [
      [
        0.11961430290073771,
        0.96457841325603,
        0.23511891293991982,
        -10.649775647962784
      ],
      [
        -0.5061229093648758,
        0.2629790121868438,
        -0.8213900655384555,
        229.58685596109945
      ],
      [
        -0.8541264655527336,
        -0.02074906816488537,
        0.5196512840479508,
        -86.15625234044644
      ],
      [
        0.0,
        0.0,
        0.0,
        1.0
      ]
    ],
    "ransac_fitness": 0.6161731207289294,
    "icp_fitness": 0.791350531107739,
    "icp_rmse": 1.773042983697067,
    "overlap_score": 0.3236510288325643
  },
  {
    "fragment_a": "NAR_ST_43B_FR_07_F_01_R_01",
    "fragment_b": "NAR_ST_43B_FR_08_F_01_R_01",
    "transform": [
      [
        0.8577730450874966,
        0.05083132287876615,
        -0.5115091198949611,
        267.78237640954075
      ],
      [
        0.4169884339535773,
        -0.6506902201503107,
        0.6346045093991077,
        77.07898522354114
      ],
      [
        -0.30057619511575706,
        -0.7576400293115025,
        -0.5793406052699918,
        -65.69712702105996
      ],
      [
        0.0,
        0.0,
        0.0,
        1.0
      ]
    ],
    "ransac_fitness": 0.5159453302961275,
    "icp_fitness": 0.7071320182094082,
    "icp_rmse": 1.8200198413253494,
    "overlap_score": 0.2781339170168878
  },
  {
    "fragment_a": "NAR_ST_43B_FR_07_F_01_R_01",
    "fragment_b": "NAR_ST_43B_FR_10_F_01_R_01",
    "transform": [
      [
        -0.8145585746156524,
        0.36089757982711856,
        -0.4541445424036779,
        -79.9056489232537
      ],
      [
        -0.41606659706537136,
        -0.9090203968816937,
        0.023885243550987166,
        -30.593196522329066
      ],
      [
        -0.4042065255863137,
        0.20841030427494883,
        0.8906077867083044,
        -7.44061095454458
      ],
      [
        0.0,
        0.0,
        0.0,
        1.0
      ]
    ],
    "ransac_fitness": 0.5523917995444191,
    "icp_fitness": 0.6107738998482549,
    "icp_rmse": 1.6526850435456928,
    "overlap_score": 0.2743016034258263
  },
  {
    "fragment_a": "NAR_ST_43B_FR_14_F_01_R_01",
    "fragment_b": "NAR_ST_43B_FR_17_F_01_R_01",
    "transform": [
      [
        -0.8725561461527784,
        -0.47490933191202467,
        0.1144853627058277,
        -2.5226171965405912
      ],
      [
        0.14139759417069503,
        -0.02120029168260501,
        0.9897258549696024,
        -3.883247895726333
      ],
      [
        -0.4676029214769193,
        0.8797793326144042,
        0.08564948178946163,
        -29.121240248771976
      ],
      [
        0.0,
        0.0,
        0.0,
        1.0
      ]
    ],
    "ransac_fitness": 0.7665505226480837,
    "icp_fitness": 0.7665505226480837,
    "icp_rmse": 1.9995407314927336,
    "overlap_score": 0.25563419172078816
  },
  {
    "fragment_a": "NAR_ST_43B_FR_13_F_01_R_01",
    "fragment_b": "NAR_ST_43B_FR_16_F_01_R_01",
    "transform": [
      [
        -0.3977267097284005,
        0.30801317187938515,
        -0.864257687450578,
        5.309198781476459
      ],
      [
        -0.8930374142126583,
        0.08612210823163058,
        0.44166407969191723,
        -14.222360886202331
      ],
      [
        0.21047004818973455,
        0.9474760516353646,
        0.24081422381676554,
        -10.665673236468477
      ],
      [
        0.0,
        0.0,
        0.0,
        1.0
      ]
    ],
    "ransac_fitness": 0.7751141552511416,
    "icp_fitness": 0.7751141552511416,
    "icp_rmse": 2.0208630149539974,
    "overlap_score": 0.2529809790130273
  },
  {
    "fragment_a": "NAR_ST_43B_FR_14_F_01_R_01",
    "fragment_b": "NAR_ST_43B_FR_16_F_01_R_01",
    "transform": [
      [
        0.8036428885174953,
        -0.43470340032367194,
        0.4064370326167319,
        11.793024792615652
      ],
      [
        0.46645571701452293,
        0.8842346335761114,
        0.023413176823910642,
        -26.369551917868932
      ],
      [
        -0.3695634881853512,
        0.17076904441835433,
        0.9133787613409448,
        -13.951579642995924
      ],
      [
        0.0,
        0.0,
        0.0,
        1.0
      ]
    ],
    "ransac_fitness": 0.8130081300813008,
    "icp_fitness": 0.8130081300813008,
    "icp_rmse": 2.0899316207739154,
    "overlap_score": 0.24663099708023975
  },
  {
    "fragment_a": "NAR_ST_43B_FR_15_F_01_R_01",
    "fragment_b": "NAR_ST_43B_FR_17_F_01_R_01",
    "transform": [
      [
        0.35784531838009004,
        0.07100386753385696,
        0.931077429061991,
        3.5512221070160805
      ],
      [
        0.9289984441414457,
        0.07371531166993428,
        -0.3626678144089679,
        -9.540751835121005
      ],
      [
        -0.09438548032523358,
        0.994748462487195,
        -0.039583803292963626,
        -30.96691277856354
      ],
      [
        0.0,
        0.0,
        0.0,
        1.0
      ]
    ],
    "ransac_fitness": 0.8404558404558404,
    "icp_fitness": 0.8404558404558404,
    "icp_rmse": 2.1265134996149353,
    "overlap_score": 0.24470894360265347
  },
  {
    "fragment_a": "NAR_ST_43B_FR_07_F_01_R_01",
    "fragment_b": "NAR_ST_43B_FR_16_F_01_R_01",
    "transform": [
      [
        -0.20939054341933094,
        -0.5429950920156548,
        0.8132108769399653,
        -0.7113556959607958
      ],
      [
        0.8525617038714475,
        -0.5086388863732333,
        -0.1201042229099839,
        2.75190337748214
      ],
      [
        0.4788466784038197,
        0.6681637623486534,
        0.5694409936645943,
        -10.59403926756775
      ],
      [
        0.0,
        0.0,
        0.0,
        1.0
      ]
    ],
    "ransac_fitness": 0.7072892938496583,
    "icp_fitness": 0.7072892938496583,
    "icp_rmse": 2.067818990947321,
    "overlap_score": 0.2197738825443104
  },
  {
    "fragment_a": "NAR_ST_43B_FR_13_F_01_R_01",
    "fragment_b": "NAR_ST_43B_FR_14_F_01_R_01",
    "transform": [
      [
        -0.6903364236523731,
        0.5133090719721268,
        -0.5098523500092601,
        -3.7103459248248276
      ],
      [
        0.41203266610593947,
        -0.3003263594004453,
        -0.8602518002950675,
        -17.766965052418886
      ],
      [
        -0.5946971533818555,
        -0.8039389743509072,
        -0.004173880584000755,
        -0.45693072103430277
      ],
      [
        0.0,
        0.0,
        0.0,
        1.0
      ]
    ],
    "ransac_fitness": 0.8093607305936074,
    "icp_fitness": 0.8093607305936074,
    "icp_rmse": 2.2159871072568103,
    "overlap_score": 0.2115164158884785
  },
  {
    "fragment_a": "NAR_ST_43B_FR_07_F_01_R_01",
    "fragment_b": "NAR_ST_43B_FR_14_F_01_R_01",
    "transform": [
      [
        -0.7894433220907173,
        0.34919910557517697,
        -0.5048160317104328,
        -5.810364172526653
      ],
      [
        0.3264211997356861,
        -0.4576567670218948,
        -0.8270426131477041,
        -14.262234496871416
      ],
      [
        -0.5198350137971541,
        -0.8176859227506389,
        0.2473080875465842,
        2.8058379757258773
      ],
      [
        0.0,
        0.0,
        0.0,
        1.0
      ]
    ],
    "ransac_fitness": 0.8473804100227791,
    "icp_fitness": 0.8473804100227791,
    "icp_rmse": 2.3061805136093216,
    "overlap_score": 0.19597634695317565
  },
  {
    "fragment_a": "NAR_ST_43B_FR_07_F_01_R_01",
    "fragment_b": "NAR_ST_43B_FR_12_F_01_R_01",
    "transform": [
      [
        0.6488279821637308,
        -0.6450290973144526,
        0.4036826887284664,
        -8.012607238263401
      ],
      [
        0.531895846897793,
        0.005073561360721859,
        -0.8467945837261818,
        8.763150772963428
      ],
      [
        0.5441590370601418,
        0.7641411666654411,
        0.3463801665698507,
        -4.993466299337922
      ],
      [
        0.0,
        0.0,
        0.0,
        1.0
      ]
    ],
    "ransac_fitness": 0.7357630979498861,
    "icp_fitness": 0.7357630979498861,
    "icp_rmse": 2.3326688682414756,
    "overlap_score": 0.1636658736203519
  },
  {
    "fragment_a": "NAR_ST_43B_FR_12_F_01_R_01",
    "fragment_b": "NAR_ST_43B_FR_17_F_01_R_01",
    "transform": [
      [
        0.1186877459705831,
        -0.9914914786461265,
        -0.05345901915057635,
        19.97297521915444
      ],
      [
        0.39867845733791063,
        -0.001723100277506602,
        0.9170891551970817,
        -4.649282929409318
      ],
      [
        -0.9093781977874151,
        -0.13016020397015748,
        0.3950817822823024,
        -31.952461455907308
      ],
      [
        0.0,
        0.0,
        0.0,
        1.0
      ]
    ],
    "ransac_fitness": 0.3066132264529058,
    "icp_fitness": 0.3125,
    "icp_rmse": 1.480476900266551,
    "overlap_score": 0.15828365622223428
  },
  {
    "fragment_a": "NAR_ST_43B_FR_14_F_01_R_01",
    "fragment_b": "NAR_ST_43B_FR_15_F_01_R_01",
    "transform": [
      [
        -0.8774934477983171,
        -0.4572892649981285,
        0.1445398809619476,
        -10.165012055663647
      ],
      [
        0.2570043886598155,
        -0.7028261447925264,
        -0.6633130138974134,
        -7.616184517230348
      ],
      [
        0.40491232789409765,
        -0.5449054397907462,
        0.7342506849883341,
        -2.45983858216906
      ],
      [
        0.0,
        0.0,
        0.0,
        1.0
      ]
    ],
    "ransac_fitness": 0.2659698025551684,
    "icp_fitness": 0.281055900621118,
    "icp_rmse": 1.366146444800685,
    "overlap_score": 0.15306806081318636
  },
  {
    "fragment_a": "NAR_ST_43B_FR_13_F_01_R_01",
    "fragment_b": "NAR_ST_43B_FR_17_F_01_R_01",
    "transform": [
      [
        0.8482165605036376,
        -0.2863755694423341,
        -0.44555325126628653,
        -7.962128808669034
      ],
      [
        0.1529263291258901,
        0.9378134413683885,
        -0.31163999590691327,
        -9.793246655130968
      ],
      [
        0.5070919091717597,
        0.19620138229727094,
        0.8392632562177262,
        -22.08640114695357
      ],
      [
        0.0,
        0.0,
        0.0,
        1.0
      ]
    ],
    "ransac_fitness": 0.6004566210045662,
    "icp_fitness": 0.6004566210045662,
    "icp_rmse": 2.2534729454913767,
    "overlap_score": 0.14941903754624655
  },
  {
    "fragment_a": "NAR_ST_43B_FR_07_F_01_R_01",
    "fragment_b": "NAR_ST_43B_FR_17_F_01_R_01",
    "transform": [
      [
        -0.9701040083915251,
        0.19188829016614056,
        0.14858363637968636,
        9.328327159674974
      ],
      [
        -0.2320687562856626,
        -0.5543320363538564,
        -0.7992872361221672,
        -17.3140038461609
      ],
      [
        -0.0710091913678902,
        -0.8098733713173327,
        0.5822910072913511,
        -28.38061606043466
      ],
      [
        0.0,
        0.0,
        0.0,
        1.0
      ]
    ],
    "ransac_fitness": 0.5763097949886105,
    "icp_fitness": 0.5763097949886105,
    "icp_rmse": 2.3376392167785385,
    "overlap_score": 0.1272416690622853
  },
  {
    "fragment_a": "NAR_ST_43B_FR_07_F_01_R_01",
    "fragment_b": "NAR_ST_43B_FR_09_F_01_R_01",
    "transform": [
      [
        0.06262612099498195,
        -0.01928923417666875,
        0.9978506373270499,
        -120.21789913891942
      ],
      [
        0.9276187887554792,
        0.3700212123153567,
        -0.05106549896448329,
        -61.56345091264026
      ],
      [
        -0.368240888165532,
        0.9288230336730195,
        0.04106604925615369,
        -42.839607464228116
      ],
      [
        0.0,
        0.0,
        0.0,
        1.0
      ]
    ],
    "ransac_fitness": 0.6036446469248291,
    "icp_fitness": 0.6036446469248291,
    "icp_rmse": 2.3910417353706483,
    "overlap_score": 0.12253146554804724
  },
  {
    "fragment_a": "NAR_ST_43B_FR_12_F_01_R_01",
    "fragment_b": "NAR_ST_43B_FR_13_F_01_R_01",
    "transform": [
      [
        -0.3647245019717202,
        -0.9261515577868158,
        0.09601734046793073,
        -0.5974036634862356
      ],
      [
        0.13292815633203175,
        0.050273190574245785,
        0.9898498429376308,
        -7.02012225845373
      ],
      [
        -0.9215780720674986,
        0.37378589903652015,
        0.10477575466591987,
        2.2701363528641814
      ],
      [
        0.0,
        0.0,
        0.0,
        1.0
      ]
    ],
    "ransac_fitness": 0.3301603206412826,
    "icp_fitness": 0.3301603206412826,
    "icp_rmse": 1.9787288634866065,
    "overlap_score": 0.11239440196431638
  },
  {
    "fragment_a": "NAR_ST_43B_FR_10_F_01_R_01",
    "fragment_b": "NAR_ST_43B_FR_11_F_01_R_01",
    "transform": [
      [
        -0.07406384276198519,
        0.6586552691327212,
        -0.7487908811136986,
        -2.579548921233768
      ],
      [
        -0.9648254662375892,
        0.1425925621692341,
        0.2208600935285294,
        492.8127481250997
      ],
      [
        0.2522426746106727,
        0.738810258224475,
        0.6249264240272923,
        -170.36638977558803
      ],
      [
        0.0,
        0.0,
        0.0,
        1.0
      ]
    ],
    "ransac_fitness": 0.17735795521717543,
    "icp_fitness": 0.24832,
    "icp_rmse": 1.7865960623793045,
    "overlap_score": 0.10043748859665703
  },
  {
    "fragment_a": "NAR_ST_43B_FR_12_F_01_R_01",
    "fragment_b": "NAR_ST_43B_FR_14_F_01_R_01",
    "transform": [
      [
        -0.8544655288781571,
        0.45213994120660567,
        -0.2558478718392225,
        16.292941734917733
      ],
      [
        -0.5164790221620841,
        -0.792429367106925,
        0.32450750039562387,
        4.333699913202256
      ],
      [
        -0.05601856500722885,
        0.4094205316202473,
        0.9106243729784118,
        -4.347231733974327
      ],
      [
        0.0,
        0.0,
        0.0,
        1.0
      ]
    ],
    "ransac_fitness": 0.3031062124248497,
    "icp_fitness": 0.3031062124248497,
    "icp_rmse": 2.1305006925299637,
    "overlap_score": 0.08785021393109085
  },
  {
    "fragment_a": "NAR_ST_43B_FR_16_F_01_R_01",
    "fragment_b": "NAR_ST_43B_FR_17_F_01_R_01",
    "transform": [
      [
        0.9070426491688756,
        -0.09024489099670807,
        0.41125356197569995,
        24.435062897809853
      ],
      [
        0.2123208454513177,
        0.941510783553092,
        -0.2616816826605954,
        13.010333249578393
      ],
      [
        -0.36358422844720056,
        0.324674150652982,
        0.873151306889143,
        -15.462967374786341
      ],
      [
        0.0,
        0.0,
        0.0,
        1.0
      ]
    ],
    "ransac_fitness": 0.2205494919081671,
    "icp_fitness": 0.2205494919081671,
    "icp_rmse": 2.0864921032642165,
    "overlap_score": 0.06715790082639182
  },
  {
    "fragment_a": "NAR_ST_43B_FR_13_F_01_R_01",
    "fragment_b": "NAR_ST_43B_FR_15_F_01_R_01",
    "transform": [
      [
        0.8974190820420946,
        0.2169523160470086,
        -0.3841492987740088,
        -16.908733400904218
      ],
      [
        -0.33114527356577317,
        0.9065955992605924,
        -0.2615859843270969,
        2.383382636678858
      ],
      [
        0.2915163785823588,
        0.3619614785625202,
        0.8854389245199585,
        -9.623349915512485
      ],
      [
        0.0,
        0.0,
        0.0,
        1.0
      ]
    ],
    "ransac_fitness": 0.2968036529680365,
    "icp_fitness": 0.2968036529680365,
    "icp_rmse": 2.3407653533565362,
    "overlap_score": 0.06522108376229094
  },
  {
    "fragment_a": "NAR_ST_43B_FR_07_F_01_R_01",
    "fragment_b": "NAR_ST_43B_FR_15_F_01_R_01",
    "transform": [
      [
        0.9817951207256984,
        0.09657903297012974,
        -0.16355681370632555,
        2.0581310167881384
      ],
      [
        -0.12531323779379236,
        0.9764454908638985,
        -0.17564394611029774,
        -12.200343734426795
      ],
      [
        0.14274079078121818,
        0.19294220316487354,
        0.970772049909265,
        -4.542666206411527
      ],
      [
        0.0,
        0.0,
        0.0,
        1.0
      ]
    ],
    "ransac_fitness": 0.30182232346241455,
    "icp_fitness": 0.30182232346241455,
    "icp_rmse": 2.362155550308264,
    "overlap_score": 0.064171897937855
  },
  {
    "fragment_a": "NAR_ST_43B_FR_08_F_01_R_01",
    "fragment_b": "NAR_ST_43B_FR_10_F_01_R_01",
    "transform": [
      [
        0.9209966782756649,
        -0.36168818823186494,
        0.14473000068660297,
        13.867181678030352
      ],
      [
        0.25218821558536636,
        0.8366989505655178,
        0.4861439807736287,
        -61.30002993629394
      ],
      [
        -0.296927975315668,
        -0.41123779084139755,
        0.8618104529760735,
        75.25265256649124
      ],
      [
        0.0,
        0.0,
        0.0,
        1.0
      ]
    ],
    "ransac_fitness": 0.13750912291246298,
    "icp_fitness": 0.14118,
    "icp_rmse": 1.758182819477022,
    "overlap_score": 0.05843991651541135
  },
  {
    "fragment_a": "NAR_ST_43B_FR_12_F_01_R_01",
    "fragment_b": "NAR_ST_43B_FR_15_F_01_R_01",
    "transform": [
      [
        -0.4040968271542267,
        -0.7262856635557098,
        -0.5560709389972911,
        10.370037324661027
      ],
      [
        0.4081611440743799,
        -0.6872096008844968,
        0.6009554433733535,
        22.57636375410999
      ],
      [
        -0.8186026110096271,
        0.015877637280584875,
        0.5741408066690663,
        -22.761379132226683
      ],
      [
        0.0,
        0.0,
        0.0,
        1.0
      ]
    ],
    "ransac_fitness": 0.10170340681362726,
    "icp_fitness": 0.10474860335195531,
    "icp_rmse": 1.4494588748184807,
    "overlap_score": 0.05413900576751115
  },
  {
    "fragment_a": "NAR_ST_43B_FR_02_F_01_R_01",
    "fragment_b": "NAR_ST_43B_FR_11_F_01_R_01",
    "transform": [
      [
        0.022203739199916098,
        0.8520812216955607,
        0.5229384147290599,
        -11.71815139921543
      ],
      [
        -0.9678472284149714,
        -0.1127703213551419,
        0.2248434946155125,
        70.27481967535516
      ],
      [
        0.2505568526602298,
        -0.5111168616424799,
        0.8221805259976307,
        -8.686447421349655
      ],
      [
        0.0,
        0.0,
        0.0,
        1.0
      ]
    ],
    "ransac_fitness": 0.12810256205124101,
    "icp_fitness": 0.12810256205124101,
    "icp_rmse": 2.427139165774324,
    "overlap_score": 0.024461646854373457
  }
]