[
  {
    "fragment_a": "NAR_ST_43B_FR_14_F_01_R_01",
    "fragment_b": "NAR_ST_43B_FR_15_F_01_R_01",
    "transform": [
      [
        0.9987955207181879,
        0.04772831678571361,
        0.011380490766421886,
        -2.9029548297638006
      ],
      [
        -0.04834517454688395,
        0.9968988405584058,
        0.062092236159905646,
        3.177991659913954
      ],
      [
        -0.008381640132658432,
        -0.06256763916042135,
        0.998005530364725,
        -18.75556153653431
      ],
      [
        0.0,
        0.0,
        0.0,
        1.0
      ]
    ],
    "ransac_fitness": 0.30584192439862545,
    "icp_fitness": 0.33294117647058824,
    "icp_rmse": 1.1917153872496822,
    "overlap_score": 0.20068413545425093,
    "collision_fraction": 0.28823529411764703,
    "is_near_duplicate": false
  },
  {
    "fragment_a": "NAR_ST_43B_FR_12_F_01_R_01",
    "fragment_b": "NAR_ST_43B_FR_14_F_01_R_01",
    "transform": [
      [
        0.7867905277035432,
        0.3688633463209759,
        0.4948742236739282,
        -7.8351189538035415
      ],
      [
        -0.6028456280228344,
        0.6312808243594686,
        0.48791563775901386,
        0.18144917681759587
      ],
      [
        -0.13243041300900693,
        -0.6822201642702465,
        0.7190534285943863,
        0.7622718724161232
      ],
      [
        0.0,
        0.0,
        0.0,
        1.0
      ]
    ],
    "ransac_fitness": 0.31061806656101426,
    "icp_fitness": 0.3663817663817664,
    "icp_rmse": 1.4857287435268436,
    "overlap_score": 0.18493379257592396,
    "collision_fraction": 0.298005698005698,
    "is_near_duplicate": false
  },
  {
    "fragment_a": "NAR_ST_43B_FR_13_F_01_R_01",
    "fragment_b": "NAR_ST_43B_FR_15_F_01_R_01",
    "transform": [
      [
        0.8791185217530508,
        -0.05546674607118332,
        -0.4733646213977199,
        -10.681741146288681
      ],
      [
        -0.03392907535325282,
        0.9834014347237693,
        -0.17824263246739241,
        -8.204803221883399
      ],
      [
        0.4753939866641193,
        0.17275722347707334,
        0.8626444801771401,
        -0.8886871512234628
      ],
      [
        0.0,
        0.0,
        0.0,
        1.0
      ]
    ],
    "ransac_fitness": 0.33225283630470015,
    "icp_fitness": 0.3687214611872146,
    "icp_rmse": 1.5045326606352127,
    "overlap_score": 0.18380363417611348,
    "collision_fraction": 0.2888127853881279,
    "is_near_duplicate": false
  },
  {
    "fragment_a": "NAR_ST_43B_FR_07_F_01_R_01",
    "fragment_b": "NAR_ST_43B_FR_17_F_01_R_01",
    "transform": [
      [
        0.16795912819999542,
        0.5555059242808063,
        -0.8143727029703448,
        -13.442364229953398
      ],
      [
        -0.7794303700935276,
        0.5806204027674551,
        0.23530458148116334,
        -0.6771660466611849
      ],
      [
        0.6035544958246644,
        0.595225264903201,
        0.5304986848152877,
        -28.77805013672019
      ],
      [
        0.0,
        0.0,
        0.0,
        1.0
      ]
    ],
    "ransac_fitness": 0.6457627118644068,
    "icp_fitness": 0.6457627118644068,
    "icp_rmse": 2.2783635026696585,
    "overlap_score": 0.15533531383212434,
    "collision_fraction": 0.34342258440046564,
    "is_near_duplicate": false
  },
  {
    "fragment_a": "NAR_ST_43B_FR_13_F_01_R_01",
    "fragment_b": "NAR_ST_43B_FR_17_F_01_R_01",
    "transform": [
      [
        0.46120415155340266,
        -0.6149375586310235,
        -0.6396425013824705,
        -14.453263156368747
      ],
      [
        0.10274418816772629,
        -0.6790295724624513,
        0.7268854596972044,
        0.15697881690033988
      ],
      [
        -0.8813253442331396,
        -0.40096214123826945,
        -0.24998999761182614,
        -36.09263979142284
      ],
      [
        0.0,
        0.0,
        0.0,
        1.0
      ]
    ],
    "ransac_fitness": 0.6288492706645057,
    "icp_fitness": 0.6288492706645057,
    "icp_rmse": 2.3011032123095743,
    "overlap_score": 0.14650024506963,
    "collision_fraction": 0.3310502283105023,
    "is_near_duplicate": false
  },
  {
    "fragment_a": "NAR_ST_43B_FR_07_F_01_R_01",
    "fragment_b": "NAR_ST_43B_FR_11_F_01_R_01",
    "transform": [
      [
        0.11503905302395043,
        0.9444255669777302,
        0.3079388977023614,
        -9.112232698145295
      ],
      [
        -0.465069101775651,
        -0.22271856386486688,
        0.8568005438160977,
        156.6719738646739
      ],
      [
        0.8777680484347458,
        -0.24177838974723093,
        0.4136018174504245,
        -58.08285770300127
      ],
      [
        0.0,
        0.0,
        0.0,
        1.0
      ]
    ],
    "ransac_fitness": 0.735593220338983,
    "icp_fitness": 0.735593220338983,
    "icp_rmse": 2.491808046540033,
    "overlap_score": 0.11927473913719057,
    "collision_fraction": 0.3119906868451688,
    "is_near_duplicate": false
  },
  {
    "fragment_a": "NAR_ST_43B_FR_07_F_01_R_01",
    "fragment_b": "NAR_ST_43B_FR_15_F_01_R_01",
    "transform": [
      [
        0.8957917605219742,
        -0.4194715047627018,
        -0.14697203296224937,
        -6.135856759681747
      ],
      [
        0.4386420596538922,
        0.7809197296665267,
        0.4446993583536525,
        0.06572847205687715
      ],
      [
        -0.07176534876619489,
        -0.46282613637269143,
        0.8835393042795512,
        -10.749874452715831
      ],
      [
        0.0,
        0.0,
        0.0,
        1.0
      ]
    ],
    "ransac_fitness": 0.30847457627118646,
    "icp_fitness": 0.30847457627118646,
    "icp_rmse": 1.9352407829463933,
    "overlap_score": 0.10948371610381719,
    "collision_fraction": 0.21303841676367868,
    "is_near_duplicate": false
  },
  {
    "fragment_a": "NAR_ST_43B_FR_07_F_01_R_01",
    "fragment_b": "NAR_ST_43B_FR_09_F_01_R_01",
    "transform": [
      [
        0.023056539524181515,
        0.7926586587412392,
        0.6092295517353944,
        555.5448222681994
      ],
      [
        0.6837962274014393,
        0.43204902803361983,
        -0.5880105073608498,
        -3.656403299721868
      ],
      [
        -0.7293086557670417,
        0.4301463566017322,
        -0.5320554449731029,
        -127.9392159311658
      ],
      [
        0.0,
        0.0,
        0.0,
        1.0
      ]
    ],
    "ransac_fitness": 0.611864406779661,
    "icp_fitness": 0.611864406779661,
    "icp_rmse": 2.5069676617142167,
    "overlap_score": 0.10055631306280663,
    "collision_fraction": 0.2467986030267753,
    "is_near_duplicate": false
  },
  {
    "fragment_a": "NAR_ST_43B_FR_12_F_01_R_01",
    "fragment_b": "NAR_ST_43B_FR_13_F_01_R_01",
    "transform": [
      [
        -0.712585862784163,
        -0.6756149363162978,
        -0.18911860296246885,
        13.434186389904868
      ],
      [
        -0.03433038128907903,
        -0.2356582165165032,
        0.9712294424639363,
        -0.14611321637180907
      ],
      [
        -0.7007444706030134,
        0.6985768839681047,
        0.14473259517025452,
        -13.25323867773302
      ],
      [
        0.0,
        0.0,
        0.0,
        1.0
      ]
    ],
    "ransac_fitness": 0.29397781299524567,
    "icp_fitness": 0.29397781299524567,
    "icp_rmse": 2.1149452568861533,
    "overlap_score": 0.08672881925389254,
    "collision_fraction": 0.17492877492877493,
    "is_near_duplicate": false
  },
  {
    "fragment_a": "NAR_ST_43B_FR_07_F_01_R_01",
    "fragment_b": "NAR_ST_43B_FR_12_F_01_R_01",
    "transform": [
      [
        -0.8338414818725552,
        -0.5515623256191222,
        0.022076776626283157,
        10.441777010232801
      ],
      [
        0.4418016936759175,
        -0.6428619775184187,
        0.625731365144979,
        23.079172482861598
      ],
      [
        -0.33093752669298804,
        0.5315143260710232,
        0.7797261535998358,
        10.468332385766185
      ],
      [
        0.0,
        0.0,
        0.0,
        1.0
      ]
    ],
    "ransac_fitness": 0.7135593220338983,
    "icp_fitness": 0.7135593220338983,
    "icp_rmse": 2.6450261908710817,
    "overlap_score": 0.08174841515246635,
    "collision_fraction": 0.23632130384167638,
    "is_near_duplicate": false
  },
  {
    "fragment_a": "NAR_ST_43B_FR_12_F_01_R_01",
    "fragment_b": "NAR_ST_43B_FR_17_F_01_R_01",
    "transform": [
      [
        0.3811952834460959,
        -0.8914667668635277,
        0.2449023467758939,
        15.886738566501977
      ],
      [
        0.049482594150904835,
        0.2841984968864213,
        0.9574876956095029,
        -11.468594156126962
      ],
      [
        -0.9231693391542782,
        -0.35287139009189733,
        0.1524472147993015,
        -29.618935822910675
      ],
      [
        0.0,
        0.0,
        0.0,
        1.0
      ]
    ],
    "ransac_fitness": 0.40491283676703643,
    "icp_fitness": 0.40491283676703643,
    "icp_rmse": 2.439949628517558,
    "overlap_score": 0.07559052821646273,
    "collision_fraction": 0.18461538461538463,
    "is_near_duplicate": false
  },
  {
    "fragment_a": "NAR_ST_43B_FR_16_F_01_R_01",
    "fragment_b": "NAR_ST_43B_FR_17_F_01_R_01",
    "transform": [
      [
        -0.4414051016689447,
        -0.6750092438741357,
        -0.591205596138176,
        -12.325034951080108
      ],
      [
        0.2390762231642743,
        0.5465784938223468,
        -0.8025549885262698,
        -10.151657584826971
      ],
      [
        0.8648723002490799,
        -0.4955950673436553,
        -0.07988387500931082,
        -54.14549133884335
      ],
      [
        0.0,
        0.0,
        0.0,
        1.0
      ]
    ],
    "ransac_fitness": 0.2332761578044597,
    "icp_fitness": 0.2332761578044597,
    "icp_rmse": 2.3063877649915954,
    "overlap_score": 0.05393439906297486,
    "collision_fraction": 0.1236603462489695,
    "is_near_duplicate": false
  }
]