{
  "assembly_method": "greedy_mst",
  "anchor_fragment": "NAR_ST_43B_FR_05_F_01_R_01",
  "fragments": {
    "NAR_ST_43B_FR_01_F_01_R_02": {
      "transform": [
        [
          1.0,
          0.0,
          0.0,
          0.0
        ],
        [
          0.0,
          1.0,
          0.0,
          0.0
        ],
        [
          0.0,
          0.0,
          1.0,
          0.0
        ],
        [
          0.0,
          0.0,
          0.0,
          1.0
        ]
      ],
      "status": "sub_anchor",
      "pairwise_fitness": null,
      "pairwise_rmse": null
    },
    "NAR_ST_43B_FR_02_F_01_R_01": {
      "transform": [
        [
          1.0,
          0.0,
          0.0,
          0.0
        ],
        [
          0.0,
          1.0,
          0.0,
          0.0
        ],
        [
          0.0,
          0.0,
          1.0,
          0.0
        ],
        [
          0.0,
          0.0,
          0.0,
          1.0
        ]
      ],
      "status": "sub_anchor",
      "pairwise_fitness": null,
      "pairwise_rmse": null
    },
    "NAR_ST_43B_FR_03_F_01_R_01": {
      "transform": [
        [
          1.0,
          0.0,
          0.0,
          0.0
        ],
        [
          0.0,
          1.0,
          0.0,
          0.0
        ],
        [
          0.0,
          0.0,
          1.0,
          0.0
        ],
        [
          0.0,
          0.0,
          0.0,
          1.0
        ]
      ],
      "status": "sub_anchor",
      "pairwise_fitness": null,
      "pairwise_rmse": null
    },
    "NAR_ST_43B_FR_04_F_01_R_01": {
      "transform": [
        [
          1.0,
          0.0,
          0.0,
          0.0
        ],
        [
          0.0,
          1.0,
          0.0,
          0.0
        ],
        [
          0.0,
          0.0,
          1.0,
          0.0
        ],
        [
          0.0,
          0.0,
          0.0,
          1.0
        ]
      ],
      "status": "sub_anchor",
      "pairwise_fitness": null,
      "pairwise_rmse": null
    },
    "NAR_ST_43B_FR_05_F_01_R_01": {
      "transform": [
        [
          1.0,
          0.0,
          0.0,
          0.0
        ],
        [
          0.0,
          1.0,
          0.0,
          0.0
        ],
        [
          0.0,
          0.0,
          1.0,
          0.0
        ],
        [
          0.0,
          0.0,
          0.0,
          1.0
        ]
      ],
      "status": "anchor",
      "pairwise_fitness": null,
      "pairwise_rmse": null
    },
    "NAR_ST_43B_FR_06_F_01_R_01": {
      "transform": [
        [
          1.0,
          0.0,
          0.0,
          0.0
        ],
        [
          0.0,
          1.0,
          0.0,
          0.0
        ],
        [
          0.0,
          0.0,
          1.0,
          0.0
        ],
        [
          0.0,
          0.0,
          0.0,
          1.0
        ]
      ],
      "status": "sub_anchor",
      "pairwise_fitness": null,
      "pairwise_rmse": null
    },
    "NAR_ST_43B_FR_11_F_01_R_01": {
      "transform": [
        [
          1.0,
          0.0,
          0.0,
          0.0
        ],
        [
          0.0,
          1.0,
          0.0,
          0.0
        ],
        [
          0.0,
          0.0,
          1.0,
          0.0
        ],
        [
          0.0,
          0.0,
          0.0,
          1.0
        ]
      ],
      "status": "sub_anchor",
      "pairwise_fitness": null,
      "pairwise_rmse": null
    },
    "NAR_ST_43B_FR_07_F_01_R_01": {
      "transform": [
        [
          0.11961430290073771,
          0.96457841325603,
          0.23511891293991982,
          -10.649775647962784
        ],
        [
          -0.5061229093648758,
          0.2629790121868438,
          -0.8213900655384555,
          229.58685596109945
        ],
        [
          -0.8541264655527336,
          -0.02074906816488537,
          0.5196512840479508,
          -86.15625234044644
        ],
        [
          0.0,
          0.0,
          0.0,
          1.0
        ]
      ],
      "status": "placed",
      "pairwise_fitness": 0.791350531107739,
      "pairwise_rmse": 1.773042983697067,
      "placed_via": "NAR_ST_43B_FR_11_F_01_R_01",
      "cross_validation_fitness": 0.5572295686104487
    },
    "NAR_ST_43B_FR_13_F_01_R_01": {
      "transform": [
        [
          0.11960893399786736,
          0.9649800712665404,
          0.23346769576606496,
          -10.66893656023409
        ],
        [
          -0.5060901325071191,
          0.2615708005741089,
          -0.8218597776177808,
          229.60500401658297
        ],
        [
          -0.8541466388664303,
          -0.019853925189792346,
          0.5196530967556502,
          -86.13376625282608
        ],
        [
          0.0,
          0.0,
          0.0,
          1.0
        ]
      ],
      "status": "placed",
      "pairwise_fitness": 1.0,
      "pairwise_rmse": 0.6969203416508553,
      "placed_via": "NAR_ST_43B_FR_07_F_01_R_01",
      "cross_validation_fitness": 0.5547366139171906
    },
    "NAR_ST_43B_FR_08_F_01_R_01": {
      "transform": [
        [
          0.031367253372730795,
          -0.4285564368320874,
          -0.9029703626729039,
          -45.33923664829325
        ],
        [
          -0.0006225085616049641,
          -0.9034231102651898,
          0.4287496895880678,
          327.55611216690477
        ],
        [
          -0.9995077327859662,
          -0.012886593365149747,
          -0.02860468165352745,
          180.60834372027722
        ],
        [
          0.0,
          0.0,
          0.0,
          1.0
        ]
      ],
      "status": "placed",
      "pairwise_fitness": 0.7071320182094082,
      "pairwise_rmse": 1.8200198413253494,
      "placed_via": "NAR_ST_43B_FR_07_F_01_R_01"
    },
    "NAR_ST_43B_FR_10_F_01_R_01": {
      "transform": [
        [
          0.14390318769556387,
          -0.9209730955107538,
          0.3620779334844842,
          -24.632527917478694
        ],
        [
          0.8802050601250266,
          -0.04809155119911912,
          -0.4721506696315939,
          294.93584875436653
        ],
        [
          0.452250953234324,
          0.3866468156452373,
          0.8037246513887969,
          -32.20988198476922
        ],
        [
          0.0,
          0.0,
          0.0,
          1.0
        ]
      ],
      "status": "placed",
      "pairwise_fitness": 0.6107738998482549,
      "pairwise_rmse": 1.6526850435456928,
      "placed_via": "NAR_ST_43B_FR_07_F_01_R_01"
    },
    "NAR_ST_43B_FR_16_F_01_R_01": {
      "transform": [
        [
          0.04787865394091466,
          0.07940515999310736,
          0.9956919478750816,
          0.8259199504711034
        ],
        [
          0.9921514459965177,
          0.11149850977261663,
          -0.05660026965930987,
          225.31956683143585
        ],
        [
          -0.1155125218486154,
          0.9905871505753313,
          -0.0734435457424151,
          -72.21532422808116
        ],
        [
          0.0,
          0.0,
          0.0,
          1.0
        ]
      ],
      "status": "placed",
      "pairwise_fitness": 0.7751141552511416,
      "pairwise_rmse": 2.0208630149539974,
      "placed_via": "NAR_ST_43B_FR_13_F_01_R_01",
      "cross_validation_fitness": 0.29683285478117116
    },
    "NAR_ST_43B_FR_15_F_01_R_01": {
      "transform": [
        [
          0.018357137063590434,
          0.88892885212261,
          0.45767730048889843,
          -3.175937061323939
        ],
        [
          -0.9306959919706549,
          0.1824532434505855,
          -0.31704224400562453,
          243.31360097412696
        ],
        [
          -0.36533270596620454,
          -0.4201384412528066,
          0.8306718390153071,
          -98.15458772072691
        ],
        [
          0.0,
          0.0,
          0.0,
          1.0
        ]
      ],
      "status": "placed",
      "pairwise_fitness": 0.9091076131561218,
      "pairwise_rmse": 1.3709760886729168,
      "placed_via": "NAR_ST_43B_FR_16_F_01_R_01",
      "cross_validation_fitness": 0.5990952760108147
    },
    "NAR_ST_43B_FR_12_F_01_R_01": {
      "transform": [
        [
          -0.100977556161989,
          0.24415226074270946,
          0.9644652439179834,
          -14.865061448989234
        ],
        [
          0.9935775544200962,
          -0.025005502479392455,
          0.11035564416165612,
          226.63991172995637
        ],
        [
          0.051060518055866234,
          0.9694144616313365,
          -0.24005921160390736,
          -85.48057412055591
        ],
        [
          0.0,
          0.0,
          0.0,
          1.0
        ]
      ],
      "status": "placed",
      "pairwise_fitness": 0.7831703910614525,
      "pairwise_rmse": 1.5097132110054854,
      "placed_via": "NAR_ST_43B_FR_16_F_01_R_01",
      "cross_validation_fitness": 0.31558426443202975
    },
    "NAR_ST_43B_FR_14_F_01_R_01": {
      "transform": [
        [
          -0.292455058824138,
          0.21943314135319938,
          0.9307626631123729,
          -14.594799896220506
        ],
        [
          0.8702619643170141,
          -0.3423663372412036,
          0.3541601397491493,
          234.86953085985513
        ],
        [
          0.3963762758178951,
          0.91358326801661,
          -0.09083754933300675,
          -98.67425208068016
        ],
        [
          0.0,
          0.0,
          0.0,
          1.0
        ]
      ],
      "status": "placed",
      "pairwise_fitness": 0.8130081300813008,
      "pairwise_rmse": 2.0899316207739154,
      "placed_via": "NAR_ST_43B_FR_16_F_01_R_01",
      "cross_validation_fitness": 0.49456521739130427
    },
    "NAR_ST_43B_FR_17_F_01_R_01": {
      "transform": [
        [
          0.2575313135705314,
          0.8751953842003778,
          0.4095249223246248,
          1.3793273089608018
        ],
        [
          -0.5562133051842862,
          0.4808326613738894,
          -0.677810232212585,
          215.59493541639063
        ],
        [
          -0.7901293448965241,
          -0.05322585114826329,
          0.6106247842193542,
          -83.09198408497086
        ],
        [
          0.0,
          0.0,
          0.0,
          1.0
        ]
      ],
      "status": "placed",
      "pairwise_fitness": 0.7665505226480837,
      "pairwise_rmse": 1.9995407314927336,
      "placed_via": "NAR_ST_43B_FR_14_F_01_R_01",
      "cross_validation_fitness": 0.4094332633658476
    },
    "NAR_ST_43B_FR_09_F_01_R_01": {
      "transform": [
        [
          1.0,
          0.0,
          0.0,
          0.0
        ],
        [
          0.0,
          1.0,
          0.0,
          0.0
        ],
        [
          0.0,
          0.0,
          1.0,
          0.0
        ],
        [
          0.0,
          0.0,
          0.0,
          1.0
        ]
      ],
      "status": "sub_anchor",
      "pairwise_fitness": null,
      "pairwise_rmse": null
    }
  }
}